1238
1217
2184
2181
460
946
925
2356
2408
2397
596
623
1587
542
300
24303
24302
3492
2247
479
29291
456
29733
951
2349
2390
2419
621
580
599
604
554
281
318
29542
30075
24281
24262
2162
478
29290
947
931
2373
2393
1055
2361
560
622
605
555
545
303
35801
30059
24259
24260
25294
495
29306
924
932
2355
2394
2420
1604
1672
1585
1636
572
282
304
23789
23788
25211
25249
23537
949
930
2374
5528
2410
1624
612
564
567
550
286
23808
24283
26719
23508
23996
5487
5543
1664
1623
614
587
1589
29114
30040
30018
30041
30042
30043
30021
30022
29548
30975
30995
32477
28848
29282
29283
29265
29759
29737
29740
29735
31182
31203
31218
31229
31189
1653
118
1638
575
1646
547
265
29097
30076
30077
30063
30045
29549
30973
31012
34693
28860
28858
34319
31186
31216
34352
31230
31231
31209
31233
29430
582
1660
1597
1887
288
7965
121
945
29755
29757
29778
29761
31159
31200
31205
31220
13688
19451
29546
29547
494
29319
29731
29257
29267
29756
29284
29777
29760
28842
31162
31202
31166
31187
34315
31221
31173
31193
31222
29420
29435
35840
35839
41601
1582
508
34
11
28845
29758
28821
28822
29742
31183
34321
31217
34336
34293
31190
34362
34347
31153
31234
31194
29390
29421
29434
29426
29374
29402
29385
29365
1578
2161
471
29307
66
968
5509
25421
25441
25395
25431
23669
23664
23623
29380
29090
29091
29126
29127
3667
8009
470
29321
6707
929
4
2371
2406
25468
25448
23668
23672
23640
23602
23598
23366
29100
29063
9429
5883
448
6219
5488
2372
2358
28598
28568
23670
23652
23620
23364
23354
13104
30977
30976
6242
5776
31
5490
2357
2409
1104
611
606
23639
23306
23332
29067
23301
2182
2183
6241
29338
926
30
5491
2391
2395
6372
6322
613
602
258
301
1897
23302
2201
2199
458
966
24
2376
2359
5903
597
584
1617
6043
306
5043
30044
29569
30996
6258
927
2351
2375
2347
5572
1583
541
573
1611
1900
29080
152
